[ 3, 3, 7921853, 429, 10144, 272385, 7638895 ]
[ 5, 3, 10000000, 5, 611, 79388, 9919996 ]
[ 7, 3, 10000000, 0, 96, 29141, 9970763 ]
[ 11, 3, 10000000, 0, 3, 7634, 9992363 ]
[ 13, 3, 10000000, 0, 0, 4558, 9995442 ]
[ 17, 3, 10000000, 0, 0, 1991, 9998009 ]
[ 19, 3, 10000000, 0, 0, 1437, 9998563 ]
[ 23, 3, 10000000, 0, 0, 837, 9999163 ]
[ 29, 3, 10000000, 0, 0, 436, 9999564 ]
[ 31, 3, 10000000, 0, 0, 348, 9999652 ]
[ 37, 3, 10000000, 0, 0, 201, 9999799 ]
[ 41, 3, 10000000, 0, 0, 128, 9999872 ]
[ 43, 3, 10000000, 0, 0, 116, 9999884 ]
[ 47, 3, 10000000, 0, 0, 110, 9999890 ]
[ 53, 3, 10000000, 0, 0, 66, 9999934 ]
[ 59, 3, 10000000, 0, 0, 57, 9999943 ]
[ 61, 3, 10000000, 0, 0, 49, 9999951 ]
[ 67, 3, 10000000, 0, 0, 33, 9999967 ]
[ 71, 3, 10000000, 0, 0, 32, 9999968 ]
[ 73, 3, 10000000, 0, 0, 31, 9999969 ]
[ 79, 3, 10000000, 0, 0, 22, 9999978 ]
[ 83, 3, 10000000, 0, 0, 19, 9999981 ]
[ 89, 3, 10000000, 0, 0, 19, 9999981 ]
[ 97, 3, 10000000, 0, 0, 11, 9999989 ]