[ 5, 1, 12501, 16, 128, 486, 1938, 9933 ]
[ 7, 1, 100845, 41, 288, 2030, 12277, 86209 ]
[ 11, 1, 1609139, 152, 1205, 13358, 133155, 1461269 ]
[ 13, 1, 4122000, 227, 1899, 24580, 292454, 3802840 ]
[ 17, 1, 9181723, 174, 1822, 31991, 508307, 8639429 ]
[ 19, 1, 10000000, 120, 1384, 27942, 501056, 9469498 ]
[ 23, 1, 10000000, 79, 787, 19148, 417698, 9562288 ]
[ 29, 1, 10000000, 30, 411, 11813, 334443, 9653303 ]
[ 31, 1, 10000000, 16, 331, 10641, 314484, 9674528 ]
[ 37, 1, 10000000, 11, 184, 7282, 263585, 9728938 ]
[ 41, 1, 10000000, 5, 128, 5986, 238206, 9755675 ]
[ 43, 1, 10000000, 9, 123, 5288, 227832, 9766748 ]
[ 47, 1, 10000000, 10, 93, 4723, 208397, 9786777 ]
[ 53, 1, 10000000, 6, 55, 3494, 184671, 9811774 ]
[ 59, 1, 10000000, 2, 53, 2899, 167583, 9829463 ]
[ 61, 1, 10000000, 4, 46, 2739, 161415, 9835796 ]
[ 67, 1, 10000000, 4, 35, 2309, 147666, 9849986 ]
[ 71, 1, 10000000, 0, 30, 2007, 139021, 9858942 ]
[ 73, 1, 10000000, 0, 29, 1869, 135415, 9862687 ]
[ 79, 1, 10000000, 1, 17, 1620, 125064, 9873298 ]
[ 83, 1, 10000000, 0, 21, 1480, 119296, 9879203 ]
[ 89, 1, 10000000, 1, 14, 1248, 110862, 9887875 ]
[ 97, 1, 10000000, 1, 13, 1043, 101904, 9897039 ]
[ 101, 1, 10000000, 0, 8, 1010, 98391, 9900591 ]
[ 103, 1, 10000000, 0, 14, 960, 96654, 9902372 ]
[ 107, 1, 10000000, 0, 4, 848, 92889, 9906259 ]
[ 109, 1, 10000000, 0, 3, 883, 90754, 9908360 ]
[ 113, 1, 10000000, 0, 12, 733, 87245, 9912010 ]
[ 127, 1, 10000000, 0, 4, 622, 77904, 9921470 ]
[ 131, 1, 10000000, 0, 6, 574, 75979, 9923441 ]
[ 137, 1, 10000000, 0, 2, 524, 72104, 9927370 ]
[ 139, 1, 10000000, 0, 4, 500, 71603, 9927893 ]
[ 149, 1, 10000000, 0, 5, 452, 66452, 9933091 ]
[ 151, 1, 10000000, 0, 7, 443, 65851, 9933699 ]
[ 157, 1, 10000000, 0, 3, 427, 63130, 9936440 ]
[ 163, 1, 10000000, 0, 3, 399, 60849, 9938749 ]
[ 167, 1, 10000000, 0, 2, 339, 59859, 9939800 ]
[ 173, 1, 10000000, 0, 0, 360, 57702, 9941938 ]
[ 179, 1, 10000000, 0, 1, 322, 55695, 9943982 ]
[ 181, 1, 10000000, 0, 1, 302, 54986, 9944711 ]
[ 191, 1, 10000000, 0, 3, 284, 52302, 9947411 ]
[ 193, 1, 10000000, 0, 1, 254, 51880, 9947865 ]
[ 197, 1, 10000000, 0, 0, 244, 50654, 9949102 ]
[ 199, 1, 10000000, 0, 1, 268, 50543, 9949188 ]
[ 211, 1, 10000000, 0, 2, 215, 47174, 9952609 ]
[ 223, 1, 10000000, 0, 0, 197, 44613, 9955190 ]
[ 227, 1, 10000000, 0, 0, 196, 43919, 9955885 ]
[ 229, 1, 10000000, 0, 0, 198, 44025, 9955777 ]
[ 233, 1, 10000000, 0, 1, 207, 42513, 9957279 ]
[ 239, 1, 10000000, 0, 1, 165, 41969, 9957865 ]
[ 241, 1, 10000000, 0, 0, 157, 41211, 9958632 ]
[ 251, 1, 10000000, 0, 1, 175, 39630, 9960194 ]
[ 257, 1, 10000000, 0, 0, 147, 38717, 9961136 ]
[ 263, 1, 10000000, 0, 2, 125, 37583, 9962290 ]
[ 269, 1, 10000000, 1, 0, 153, 37013, 9962833 ]
[ 271, 1, 10000000, 0, 0, 149, 36826, 9963025 ]
[ 277, 1, 10000000, 0, 0, 129, 35961, 9963910 ]
[ 281, 1, 10000000, 0, 0, 129, 35908, 9963963 ]
[ 283, 1, 10000000, 0, 0, 120, 35210, 9964670 ]
[ 293, 1, 10000000, 0, 0, 132, 34272, 9965596 ]
[ 307, 1, 10000000, 0, 1, 107, 32611, 9967281 ]
[ 311, 1, 10000000, 0, 2, 112, 32093, 9967793 ]
[ 313, 1, 10000000, 0, 0, 96, 32086, 9967818 ]
[ 317, 1, 10000000, 0, 0, 112, 31865, 9968023 ]
[ 331, 1, 10000000, 0, 0, 123, 29769, 9970108 ]
[ 337, 1, 10000000, 0, 0, 81, 29624, 9970295 ]
[ 347, 1, 10000000, 0, 2, 84, 29125, 9970789 ]
[ 349, 1, 10000000, 0, 0, 83, 28409, 9971508 ]
[ 353, 1, 10000000, 0, 0, 63, 28434, 9971503 ]
[ 359, 1, 10000000, 0, 1, 72, 27600, 9972327 ]
[ 367, 1, 10000000, 0, 0, 75, 27272, 9972653 ]
[ 373, 1, 10000000, 0, 0, 70, 26867, 9973063 ]
[ 379, 1, 10000000, 0, 0, 75, 26360, 9973565 ]
[ 383, 1, 10000000, 0, 0, 85, 26044, 9973871 ]
[ 389, 1, 10000000, 0, 0, 62, 25523, 9974415 ]
[ 397, 1, 10000000, 0, 0, 55, 25174, 9974771 ]
[ 401, 1, 10000000, 0, 0, 68, 24915, 9975017 ]
[ 409, 1, 10000000, 0, 0, 73, 24444, 9975483 ]
[ 419, 1, 10000000, 0, 0, 69, 23717, 9976214 ]
[ 421, 1, 10000000, 0, 0, 63, 23657, 9976280 ]
[ 431, 1, 10000000, 0, 0, 50, 22936, 9977014 ]
[ 433, 1, 10000000, 0, 1, 55, 22928, 9977016 ]
[ 439, 1, 10000000, 0, 0, 62, 22754, 9977184 ]
[ 443, 1, 10000000, 0, 0, 57, 22517, 9977426 ]
[ 449, 1, 10000000, 0, 0, 43, 22175, 9977782 ]
[ 457, 1, 10000000, 0, 0, 41, 21860, 9978099 ]
[ 461, 1, 10000000, 0, 0, 55, 21769, 9978176 ]
[ 463, 1, 10000000, 0, 0, 37, 21654, 9978309 ]
[ 467, 1, 10000000, 0, 0, 53, 21383, 9978564 ]
[ 479, 1, 10000000, 0, 0, 55, 20762, 9979183 ]
[ 487, 1, 10000000, 0, 1, 37, 20685, 9979277 ]
[ 491, 1, 10000000, 0, 0, 41, 20143, 9979816 ]
[ 499, 1, 10000000, 0, 0, 27, 20130, 9979843 ]
[ 503, 1, 10000000, 0, 0, 31, 19660, 9980309 ]
[ 509, 1, 10000000, 0, 0, 34, 19564, 9980402 ]
[ 521, 1, 10000000, 0, 0, 28, 19111, 9980861 ]
[ 523, 1, 10000000, 0, 1, 37, 19069, 9980893 ]
[ 541, 1, 10000000, 0, 0, 44, 18547, 9981409 ]
[ 547, 1, 10000000, 0, 0, 28, 18329, 9981643 ]
[ 557, 1, 10000000, 0, 0, 37, 17967, 9981996 ]
[ 563, 1, 10000000, 0, 0, 39, 17815, 9982146 ]
[ 569, 1, 10000000, 0, 0, 35, 17374, 9982591 ]
[ 571, 1, 10000000, 0, 0, 36, 17596, 9982368 ]
[ 577, 1, 10000000, 0, 0, 25, 17203, 9982772 ]
[ 587, 1, 10000000, 0, 0, 26, 17030, 9982944 ]
[ 593, 1, 10000000, 0, 0, 30, 16808, 9983162 ]
[ 599, 1, 10000000, 0, 0, 18, 16786, 9983196 ]
[ 601, 1, 10000000, 0, 0, 26, 16673, 9983301 ]
[ 607, 1, 10000000, 0, 0, 27, 16422, 9983551 ]
[ 613, 1, 10000000, 0, 0, 17, 16103, 9983880 ]
[ 617, 1, 10000000, 0, 0, 30, 15979, 9983991 ]
[ 619, 1, 10000000, 0, 0, 32, 16271, 9983697 ]
[ 631, 1, 10000000, 0, 0, 19, 15689, 9984292 ]
[ 641, 1, 10000000, 0, 0, 28, 15654, 9984318 ]
[ 643, 1, 10000000, 0, 0, 24, 15530, 9984446 ]
[ 647, 1, 10000000, 0, 0, 26, 15520, 9984454 ]
[ 653, 1, 10000000, 0, 0, 22, 15169, 9984809 ]
[ 659, 1, 10000000, 0, 0, 25, 15158, 9984817 ]
[ 661, 1, 10000000, 0, 0, 16, 15135, 9984849 ]
[ 673, 1, 10000000, 0, 0, 22, 14792, 9985186 ]
[ 677, 1, 10000000, 0, 0, 28, 14710, 9985262 ]
[ 683, 1, 10000000, 0, 0, 34, 14587, 9985379 ]
[ 691, 1, 10000000, 0, 0, 14, 14487, 9985499 ]
[ 701, 1, 10000000, 0, 0, 17, 14077, 9985906 ]
[ 709, 1, 10000000, 0, 0, 14, 14086, 9985900 ]
[ 719, 1, 10000000, 0, 0, 20, 13978, 9986002 ]
[ 727, 1, 10000000, 0, 0, 23, 13812, 9986165 ]
[ 733, 1, 10000000, 0, 1, 13, 13822, 9986164 ]
[ 739, 1, 10000000, 0, 0, 22, 13513, 9986465 ]
[ 743, 1, 10000000, 0, 0, 19, 13437, 9986544 ]
[ 751, 1, 10000000, 0, 0, 25, 13378, 9986597 ]
[ 757, 1, 10000000, 0, 0, 16, 13066, 9986918 ]
[ 761, 1, 10000000, 0, 1, 18, 13086, 9986895 ]
[ 769, 1, 10000000, 0, 0, 16, 13026, 9986958 ]
[ 773, 1, 10000000, 0, 0, 14, 12886, 9987100 ]
[ 787, 1, 10000000, 0, 0, 19, 12717, 9987264 ]
[ 797, 1, 10000000, 0, 0, 8, 12699, 9987293 ]
[ 809, 1, 10000000, 0, 0, 13, 12438, 9987549 ]
[ 811, 1, 10000000, 0, 0, 15, 12405, 9987580 ]
[ 821, 1, 10000000, 0, 0, 9, 12247, 9987744 ]
[ 823, 1, 10000000, 0, 0, 8, 12350, 9987642 ]
[ 827, 1, 10000000, 0, 0, 12, 12250, 9987738 ]
[ 829, 1, 10000000, 0, 0, 12, 11996, 9987992 ]
[ 839, 1, 10000000, 0, 0, 13, 11943, 9988044 ]
[ 853, 1, 10000000, 0, 0, 9, 11576, 9988415 ]
[ 857, 1, 10000000, 0, 0, 16, 11633, 9988351 ]
[ 859, 1, 10000000, 0, 0, 16, 11703, 9988281 ]
[ 863, 1, 10000000, 0, 0, 17, 11535, 9988448 ]
[ 877, 1, 10000000, 0, 0, 9, 11345, 9988646 ]
[ 881, 1, 10000000, 0, 0, 17, 11328, 9988655 ]
[ 883, 1, 10000000, 0, 0, 19, 11190, 9988791 ]
[ 887, 1, 10000000, 0, 0, 17, 11235, 9988748 ]
[ 907, 1, 10000000, 0, 0, 12, 10940, 9989048 ]
[ 911, 1, 10000000, 0, 0, 8, 11168, 9988824 ]
[ 919, 1, 10000000, 0, 0, 13, 10838, 9989149 ]
[ 929, 1, 10000000, 0, 0, 11, 10755, 9989234 ]
[ 937, 1, 10000000, 0, 0, 15, 10795, 9989190 ]
[ 941, 1, 10000000, 0, 0, 6, 10427, 9989567 ]
[ 947, 1, 10000000, 0, 0, 10, 10534, 9989456 ]
[ 953, 1, 10000000, 0, 0, 13, 10246, 9989741 ]
[ 967, 1, 10000000, 0, 0, 7, 10369, 9989624 ]
[ 971, 1, 10000000, 0, 0, 10, 10180, 9989810 ]
[ 977, 1, 10000000, 0, 0, 12, 10321, 9989667 ]
[ 983, 1, 10000000, 0, 0, 6, 10143, 9989851 ]
[ 991, 1, 10000000, 0, 0, 10, 10142, 9989848 ]
[ 997, 1, 10000000, 0, 0, 11, 10019, 9989970 ]
[ 1009, 1, 10000000, 0, 0, 14, 9823, 9990163 ]
[ 1013, 1, 10000000, 0, 0, 10, 9916, 9990074 ]
[ 1019, 1, 10000000, 0, 0, 11, 9832, 9990157 ]
[ 1021, 1, 10000000, 0, 0, 10, 9750, 9990240 ]
[ 1031, 1, 10000000, 0, 0, 5, 9511, 9990484 ]
[ 1033, 1, 10000000, 0, 0, 15, 9761, 9990224 ]
[ 1039, 1, 10000000, 0, 0, 10, 9814, 9990176 ]
[ 1049, 1, 10000000, 0, 0, 10, 9658, 9990332 ]
[ 1051, 1, 10000000, 0, 0, 5, 9253, 9990742 ]
[ 1061, 1, 10000000, 0, 0, 4, 9554, 9990442 ]
[ 1063, 1, 10000000, 0, 0, 13, 9263, 9990724 ]
[ 1069, 1, 10000000, 0, 0, 11, 9424, 9990565 ]
[ 1087, 1, 10000000, 0, 0, 12, 9088, 9990900 ]
[ 1091, 1, 10000000, 0, 0, 7, 9276, 9990717 ]
[ 1093, 1, 10000000, 0, 0, 5, 9238, 9990757 ]
[ 1097, 1, 10000000, 0, 0, 9, 9076, 9990915 ]
[ 1103, 1, 10000000, 0, 0, 6, 9134, 9990860 ]
[ 1109, 1, 10000000, 0, 0, 12, 8912, 9991076 ]
[ 1117, 1, 10000000, 0, 0, 9, 8785, 9991206 ]
[ 1123, 1, 10000000, 0, 0, 7, 8883, 9991110 ]
[ 1129, 1, 10000000, 0, 0, 8, 8959, 9991033 ]
[ 1151, 1, 10000000, 0, 0, 3, 8593, 9991404 ]
[ 1153, 1, 10000000, 0, 0, 11, 8634, 9991355 ]
[ 1163, 1, 10000000, 0, 0, 6, 8598, 9991396 ]
[ 1171, 1, 10000000, 0, 0, 10, 8542, 9991448 ]
[ 1181, 1, 10000000, 0, 0, 8, 8338, 9991654 ]
[ 1187, 1, 10000000, 0, 0, 7, 8501, 9991492 ]
[ 1193, 1, 10000000, 0, 0, 6, 8438, 9991556 ]
[ 1201, 1, 10000000, 0, 0, 4, 8309, 9991687 ]
[ 1213, 1, 10000000, 0, 0, 7, 8275, 9991718 ]
[ 1217, 1, 10000000, 0, 0, 7, 8100, 9991893 ]
[ 1223, 1, 10000000, 0, 0, 7, 8091, 9991902 ]
[ 1229, 1, 10000000, 0, 0, 7, 8083, 9991910 ]
[ 1231, 1, 10000000, 0, 0, 5, 8135, 9991860 ]
[ 1237, 1, 10000000, 0, 0, 5, 8167, 9991828 ]
[ 1249, 1, 10000000, 0, 0, 8, 8101, 9991891 ]
[ 1259, 1, 10000000, 0, 0, 2, 7974, 9992024 ]
[ 1277, 1, 10000000, 0, 0, 3, 7860, 9992137 ]
[ 1279, 1, 10000000, 0, 0, 5, 7761, 9992234 ]
[ 1283, 1, 10000000, 0, 0, 4, 7826, 9992170 ]
[ 1289, 1, 10000000, 0, 0, 7, 7713, 9992280 ]
[ 1291, 1, 10000000, 0, 0, 7, 7619, 9992374 ]
[ 1297, 1, 10000000, 0, 0, 11, 7734, 9992255 ]
[ 1301, 1, 10000000, 0, 0, 9, 7606, 9992385 ]
[ 1303, 1, 10000000, 0, 0, 6, 7651, 9992343 ]
[ 1307, 1, 10000000, 0, 0, 0, 7704, 9992296 ]
[ 1319, 1, 10000000, 0, 0, 4, 7501, 9992495 ]
[ 1321, 1, 10000000, 0, 0, 4, 7508, 9992488 ]
[ 1327, 1, 10000000, 0, 0, 9, 7646, 9992345 ]
[ 1361, 1, 10000000, 0, 0, 10, 7256, 9992734 ]
[ 1367, 1, 10000000, 0, 0, 3, 7146, 9992851 ]
[ 1373, 1, 10000000, 0, 0, 4, 7108, 9992888 ]
[ 1381, 1, 10000000, 0, 0, 2, 7270, 9992728 ]
[ 1399, 1, 10000000, 0, 0, 6, 7240, 9992754 ]
[ 1409, 1, 10000000, 0, 0, 9, 7232, 9992759 ]
[ 1423, 1, 10000000, 0, 0, 2, 7001, 9992997 ]
[ 1427, 1, 10000000, 0, 0, 3, 6862, 9993135 ]
[ 1429, 1, 10000000, 0, 0, 6, 7025, 9992969 ]
[ 1433, 1, 10000000, 0, 0, 7, 6974, 9993019 ]
[ 1439, 1, 10000000, 0, 0, 2, 6986, 9993012 ]
[ 1447, 1, 10000000, 0, 0, 3, 6869, 9993128 ]
[ 1451, 1, 10000000, 0, 0, 6, 6937, 9993057 ]
[ 1453, 1, 10000000, 0, 0, 9, 6735, 9993256 ]
[ 1459, 1, 10000000, 0, 0, 5, 6909, 9993086 ]
[ 1471, 1, 10000000, 0, 0, 6, 6638, 9993356 ]
[ 1481, 1, 10000000, 0, 0, 10, 6833, 9993157 ]
[ 1483, 1, 10000000, 0, 0, 2, 6884, 9993114 ]
[ 1487, 1, 10000000, 0, 0, 6, 6671, 9993323 ]
[ 1489, 1, 10000000, 0, 0, 2, 6559, 9993439 ]
[ 1493, 1, 10000000, 0, 0, 5, 6736, 9993259 ]
[ 1499, 1, 10000000, 0, 0, 6, 6595, 9993399 ]
[ 1511, 1, 10000000, 0, 0, 4, 6572, 9993424 ]
[ 1523, 1, 10000000, 0, 0, 6, 6590, 9993404 ]
[ 1531, 1, 10000000, 0, 0, 5, 6718, 9993277 ]
[ 1543, 1, 10000000, 0, 0, 4, 6463, 9993533 ]
[ 1549, 1, 10000000, 0, 0, 5, 6373, 9993622 ]
[ 1553, 1, 10000000, 0, 0, 7, 6641, 9993352 ]
[ 1559, 1, 10000000, 0, 0, 5, 6253, 9993742 ]
[ 1567, 1, 10000000, 0, 0, 2, 6431, 9993567 ]
[ 1571, 1, 10000000, 0, 0, 5, 6301, 9993694 ]
[ 1579, 1, 10000000, 0, 0, 3, 6362, 9993635 ]
[ 1583, 1, 10000000, 0, 0, 4, 6384, 9993612 ]
[ 1597, 1, 10000000, 0, 0, 4, 6241, 9993755 ]
[ 1601, 1, 10000000, 0, 0, 5, 6182, 9993813 ]
[ 1607, 1, 10000000, 0, 0, 6, 6227, 9993767 ]
[ 1609, 1, 10000000, 0, 0, 5, 6171, 9993824 ]
[ 1613, 1, 10000000, 0, 0, 8, 6207, 9993785 ]
[ 1619, 1, 10000000, 0, 0, 8, 6228, 9993764 ]
[ 1621, 1, 10000000, 0, 0, 7, 6211, 9993782 ]
[ 1627, 1, 10000000, 0, 0, 2, 6092, 9993906 ]
[ 1637, 1, 10000000, 0, 0, 5, 5955, 9994040 ]
[ 1657, 1, 10000000, 0, 0, 3, 6088, 9993909 ]
[ 1663, 1, 10000000, 0, 0, 5, 6015, 9993980 ]
[ 1667, 1, 10000000, 0, 0, 1, 5881, 9994118 ]
[ 1669, 1, 10000000, 0, 0, 8, 6088, 9993904 ]
[ 1693, 1, 10000000, 0, 0, 4, 5875, 9994121 ]
[ 1697, 1, 10000000, 0, 0, 3, 5897, 9994100 ]
[ 1699, 1, 10000000, 0, 0, 2, 5880, 9994118 ]
[ 1709, 1, 10000000, 0, 0, 6, 5977, 9994017 ]
[ 1721, 1, 10000000, 0, 0, 3, 5966, 9994031 ]
[ 1723, 1, 10000000, 0, 0, 1, 5734, 9994265 ]
[ 1733, 1, 10000000, 0, 0, 5, 5733, 9994262 ]
[ 1741, 1, 10000000, 0, 0, 5, 5688, 9994307 ]
[ 1747, 1, 10000000, 0, 0, 8, 5694, 9994298 ]
[ 1753, 1, 10000000, 0, 0, 6, 5502, 9994492 ]
[ 1759, 1, 10000000, 0, 0, 10, 5756, 9994234 ]
[ 1777, 1, 10000000, 0, 0, 0, 5602, 9994398 ]
[ 1783, 1, 10000000, 0, 0, 2, 5696, 9994302 ]
[ 1787, 1, 10000000, 0, 0, 1, 5521, 9994478 ]
[ 1789, 1, 10000000, 0, 0, 4, 5734, 9994262 ]
[ 1801, 1, 10000000, 0, 0, 1, 5461, 9994538 ]
[ 1811, 1, 10000000, 0, 0, 1, 5424, 9994575 ]
[ 1823, 1, 10000000, 0, 0, 2, 5351, 9994647 ]
[ 1831, 1, 10000000, 0, 0, 4, 5375, 9994621 ]
[ 1847, 1, 10000000, 0, 0, 7, 5373, 9994620 ]
[ 1861, 1, 10000000, 0, 0, 5, 5387, 9994608 ]
[ 1867, 1, 10000000, 0, 0, 3, 5386, 9994611 ]
[ 1871, 1, 10000000, 0, 0, 5, 5300, 9994695 ]
[ 1873, 1, 10000000, 0, 0, 0, 5244, 9994756 ]
[ 1877, 1, 10000000, 0, 0, 3, 5325, 9994672 ]
[ 1879, 1, 10000000, 0, 0, 3, 5304, 9994693 ]
[ 1889, 1, 10000000, 0, 0, 1, 5274, 9994725 ]
[ 1901, 1, 10000000, 0, 0, 1, 5326, 9994673 ]
[ 1907, 1, 10000000, 0, 0, 3, 5265, 9994732 ]
[ 1913, 1, 10000000, 0, 0, 4, 5379, 9994617 ]
[ 1931, 1, 10000000, 0, 0, 6, 5343, 9994651 ]
[ 1933, 1, 10000000, 0, 0, 5, 5213, 9994782 ]
[ 1949, 1, 10000000, 0, 0, 2, 5202, 9994796 ]
[ 1951, 1, 10000000, 0, 0, 2, 5014, 9994984 ]
[ 1973, 1, 10000000, 0, 0, 1, 5182, 9994817 ]
[ 1979, 1, 10000000, 0, 0, 0, 5035, 9994965 ]
[ 1987, 1, 10000000, 0, 0, 4, 4978, 9995018 ]
[ 1993, 1, 10000000, 0, 0, 1, 5007, 9994992 ]
[ 1997, 1, 10000000, 0, 0, 3, 5012, 9994985 ]
[ 1999, 1, 10000000, 0, 0, 3, 4984, 9995013 ]
[ 2003, 1, 10000000, 0, 0, 5, 4944, 9995051 ]
[ 2011, 1, 10000000, 0, 0, 5, 4992, 9995003 ]
[ 2017, 1, 10000000, 0, 0, 3, 5003, 9994994 ]
[ 2027, 1, 10000000, 0, 0, 5, 4831, 9995164 ]
[ 2053, 1, 10000000, 0, 0, 2, 4824, 9995174 ]
[ 2063, 1, 10000000, 0, 0, 1, 4858, 9995141 ]
[ 2069, 1, 10000000, 0, 0, 1, 4861, 9995138 ]
[ 2081, 1, 10000000, 0, 0, 3, 4797, 9995200 ]
[ 2083, 1, 10000000, 0, 0, 3, 4793, 9995204 ]
[ 2029, 1, 10000000, 0, 0, 2, 5017, 9994981 ]
[ 2039, 1, 10000000, 0, 0, 0, 4901, 9995099 ]
[ 2087, 1, 10000000, 0, 0, 4, 4758, 9995238 ]
[ 2089, 1, 10000000, 0, 0, 3, 4914, 9995083 ]
[ 2099, 1, 10000000, 0, 0, 2, 4880, 9995118 ]
[ 2111, 1, 10000000, 0, 0, 1, 4781, 9995218 ]
[ 2113, 1, 10000000, 0, 0, 0, 4623, 9995377 ]
[ 2129, 1, 10000000, 0, 0, 2, 4704, 9995294 ]
[ 2131, 1, 10000000, 0, 0, 0, 4768, 9995232 ]
[ 2137, 1, 10000000, 0, 0, 2, 4808, 9995190 ]
[ 2141, 1, 10000000, 0, 0, 2, 4824, 9995174 ]
[ 2143, 1, 10000000, 0, 0, 1, 4710, 9995289 ]
[ 2153, 1, 10000000, 0, 0, 5, 4657, 9995338 ]
[ 2161, 1, 10000000, 0, 0, 3, 4585, 9995412 ]
[ 2179, 1, 10000000, 0, 0, 3, 4619, 9995378 ]
[ 2203, 1, 10000000, 0, 0, 3, 4525, 9995472 ]
[ 2207, 1, 10000000, 0, 0, 2, 4494, 9995504 ]
[ 2213, 1, 10000000, 0, 0, 2, 4547, 9995451 ]
[ 2221, 1, 10000000, 0, 0, 3, 4431, 9995566 ]
[ 2237, 1, 10000000, 0, 0, 4, 4483, 9995513 ]
[ 2239, 1, 10000000, 0, 0, 4, 4474, 9995522 ]
[ 2243, 1, 10000000, 0, 0, 3, 4440, 9995557 ]
[ 2251, 1, 10000000, 0, 0, 4, 4428, 9995568 ]
[ 2267, 1, 10000000, 0, 0, 2, 4432, 9995566 ]
[ 2269, 1, 10000000, 0, 0, 1, 4455, 9995544 ]
[ 2273, 1, 10000000, 0, 0, 3, 4289, 9995708 ]
[ 2281, 1, 10000000, 0, 0, 2, 4273, 9995725 ]
[ 2287, 1, 10000000, 0, 0, 2, 4374, 9995624 ]
[ 2293, 1, 10000000, 0, 0, 2, 4325, 9995673 ]
[ 2297, 1, 10000000, 0, 0, 2, 4325, 9995673 ]
[ 2309, 1, 10000000, 0, 0, 3, 4285, 9995712 ]
[ 2311, 1, 10000000, 0, 0, 2, 4373, 9995625 ]
[ 2333, 1, 10000000, 0, 0, 2, 4241, 9995757 ]
[ 2339, 1, 10000000, 0, 0, 4, 4221, 9995775 ]
[ 2341, 1, 10000000, 0, 0, 0, 4273, 9995727 ]
[ 2347, 1, 10000000, 0, 0, 3, 4197, 9995800 ]
[ 2351, 1, 10000000, 0, 0, 2, 4183, 9995815 ]
[ 2357, 1, 10000000, 0, 0, 3, 4306, 9995691 ]
[ 2371, 1, 10000000, 0, 0, 1, 4354, 9995645 ]
[ 2377, 1, 10000000, 0, 0, 2, 4110, 9995888 ]
[ 2381, 1, 10000000, 0, 0, 2, 4210, 9995788 ]
[ 2383, 1, 10000000, 0, 0, 2, 4133, 9995865 ]
[ 2389, 1, 10000000, 0, 0, 2, 4164, 9995834 ]
[ 2393, 1, 10000000, 0, 0, 3, 4195, 9995802 ]
[ 2399, 1, 10000000, 0, 0, 1, 4142, 9995857 ]
[ 2411, 1, 10000000, 0, 0, 1, 4186, 9995813 ]
[ 2417, 1, 10000000, 0, 0, 2, 4102, 9995896 ]
[ 2423, 1, 10000000, 0, 0, 3, 4105, 9995892 ]
[ 2437, 1, 10000000, 0, 0, 3, 4166, 9995831 ]
[ 2441, 1, 10000000, 0, 0, 1, 4032, 9995967 ]
[ 2447, 1, 10000000, 0, 0, 2, 4040, 9995958 ]
[ 2459, 1, 10000000, 0, 0, 1, 4041, 9995958 ]
[ 2467, 1, 10000000, 0, 0, 3, 4141, 9995856 ]
[ 2473, 1, 10000000, 0, 0, 2, 4051, 9995947 ]
[ 2477, 1, 10000000, 0, 0, 1, 3945, 9996054 ]
[ 2503, 1, 10000000, 0, 0, 0, 4013, 9995987 ]
[ 2521, 1, 10000000, 0, 0, 1, 3957, 9996042 ]
[ 2531, 1, 10000000, 0, 0, 1, 3883, 9996116 ]
[ 2539, 1, 10000000, 0, 0, 0, 3942, 9996058 ]
[ 2543, 1, 10000000, 0, 0, 0, 3901, 9996099 ]
[ 2549, 1, 10000000, 0, 0, 3, 3947, 9996050 ]
[ 2551, 1, 10000000, 0, 0, 5, 3939, 9996056 ]
[ 2557, 1, 10000000, 0, 0, 3, 3998, 9995999 ]
[ 2579, 1, 10000000, 0, 0, 1, 3993, 9996006 ]
[ 2591, 1, 10000000, 0, 0, 0, 3859, 9996141 ]
[ 2593, 1, 10000000, 0, 0, 3, 3740, 9996257 ]
[ 2609, 1, 10000000, 0, 0, 1, 3703, 9996296 ]
[ 2617, 1, 10000000, 0, 0, 1, 3787, 9996212 ]
[ 2621, 1, 10000000, 0, 0, 2, 3882, 9996116 ]
[ 2633, 1, 10000000, 0, 0, 0, 3740, 9996260 ]
[ 2647, 1, 10000000, 0, 0, 2, 3760, 9996238 ]
[ 2657, 1, 10000000, 0, 0, 1, 3739, 9996260 ]
[ 2659, 1, 10000000, 0, 0, 2, 3807, 9996191 ]
[ 2663, 1, 10000000, 0, 0, 1, 3701, 9996298 ]
[ 2671, 1, 10000000, 0, 0, 2, 3768, 9996230 ]
[ 2677, 1, 10000000, 0, 0, 0, 3835, 9996165 ]
[ 2683, 1, 10000000, 0, 0, 3, 3676, 9996321 ]
[ 2687, 1, 10000000, 0, 0, 0, 3706, 9996294 ]
[ 2689, 1, 10000000, 0, 0, 0, 3712, 9996288 ]
[ 2693, 1, 10000000, 0, 0, 2, 3730, 9996268 ]
[ 2699, 1, 10000000, 0, 0, 1, 3739, 9996260 ]
[ 2707, 1, 10000000, 0, 0, 2, 3657, 9996341 ]
[ 2711, 1, 10000000, 0, 0, 1, 3696, 9996303 ]
[ 2713, 1, 10000000, 0, 0, 1, 3616, 9996383 ]
[ 2719, 1, 10000000, 0, 0, 1, 3575, 9996424 ]
[ 2729, 1, 10000000, 0, 0, 0, 3517, 9996483 ]
[ 2731, 1, 10000000, 0, 0, 0, 3612, 9996388 ]
[ 2741, 1, 10000000, 0, 0, 1, 3771, 9996228 ]
[ 2749, 1, 10000000, 0, 0, 1, 3453, 9996546 ]
[ 2753, 1, 10000000, 0, 0, 3, 3612, 9996385 ]
[ 2767, 1, 10000000, 0, 0, 1, 3508, 9996491 ]
[ 2777, 1, 10000000, 0, 0, 1, 3615, 9996384 ]
[ 2789, 1, 10000000, 0, 0, 1, 3518, 9996481 ]
[ 2791, 1, 10000000, 0, 0, 0, 3616, 9996384 ]
[ 2797, 1, 10000000, 0, 0, 3, 3609, 9996388 ]
[ 2801, 1, 10000000, 0, 0, 2, 3589, 9996409 ]
[ 2803, 1, 10000000, 0, 0, 3, 3578, 9996419 ]
[ 2819, 1, 10000000, 0, 0, 2, 3544, 9996454 ]
[ 2833, 1, 10000000, 0, 0, 0, 3513, 9996487 ]
[ 2837, 1, 10000000, 0, 0, 2, 3559, 9996439 ]
[ 2843, 1, 10000000, 0, 0, 3, 3603, 9996394 ]
[ 2851, 1, 10000000, 0, 0, 3, 3567, 9996430 ]
[ 2857, 1, 10000000, 0, 0, 1, 3528, 9996471 ]
[ 2861, 1, 10000000, 0, 0, 0, 3516, 9996484 ]
[ 2879, 1, 10000000, 0, 0, 0, 3472, 9996528 ]
[ 2887, 1, 10000000, 0, 0, 4, 3465, 9996531 ]
[ 2897, 1, 10000000, 0, 0, 2, 3561, 9996437 ]
[ 2903, 1, 10000000, 0, 0, 0, 3396, 9996604 ]
[ 2909, 1, 10000000, 0, 0, 2, 3446, 9996552 ]
[ 2917, 1, 10000000, 0, 0, 2, 3420, 9996578 ]
[ 2927, 1, 10000000, 0, 0, 3, 3501, 9996496 ]
[ 2939, 1, 10000000, 0, 0, 2, 3407, 9996591 ]
[ 2953, 1, 10000000, 0, 0, 1, 3479, 9996520 ]
[ 2957, 1, 10000000, 0, 0, 0, 3428, 9996572 ]
[ 2963, 1, 10000000, 0, 0, 0, 3413, 9996587 ]
[ 2969, 1, 10000000, 0, 0, 1, 3298, 9996701 ]
[ 2971, 1, 10000000, 0, 0, 1, 3286, 9996713 ]
[ 2999, 1, 10000000, 0, 0, 2, 3425, 9996573 ]