[ 7, 2, 50000000, 12, 428, 20683, 999911, 48978966 ]
[ 11, 2, 50000000, 0, 34, 3357, 409957, 49586652 ]
[ 13, 2, 50000000, 0, 7, 1725, 294105, 49704163 ]
[ 17, 2, 50000000, 0, 2, 632, 172207, 49827159 ]
[ 19, 2, 50000000, 0, 0, 355, 138147, 49861498 ]
[ 23, 2, 50000000, 0, 0, 170, 94319, 49905511 ]
[ 29, 2, 50000000, 0, 0, 73, 59587, 49940340 ]
[ 31, 2, 50000000, 0, 0, 54, 52008, 49947938 ]
[ 37, 2, 50000000, 0, 0, 20, 36578, 49963402 ]
[ 41, 2, 50000000, 0, 0, 16, 29481, 49970503 ]
[ 43, 2, 50000000, 0, 0, 12, 26958, 49973030 ]
[ 47, 2, 50000000, 0, 0, 11, 22884, 49977105 ]
[ 53, 2, 50000000, 0, 0, 5, 17915, 49982080 ]
[ 59, 2, 50000000, 0, 0, 1, 14509, 49985490 ]
[ 61, 2, 50000000, 0, 0, 3, 13471, 49986526 ]
[ 67, 2, 50000000, 0, 0, 3, 10983, 49989014 ]
[ 71, 2, 50000000, 0, 0, 2, 9896, 49990102 ]
[ 73, 2, 50000000, 0, 0, 2, 9398, 49990600 ]
[ 79, 2, 50000000, 0, 0, 2, 7885, 49992113 ]
[ 83, 2, 50000000, 0, 0, 0, 7433, 49992567 ]
[ 89, 2, 50000000, 0, 0, 2, 6303, 49993695 ]
[ 97, 2, 50000000, 0, 0, 0, 5393, 49994607 ]
[ 101, 2, 50000000, 0, 0, 0, 4884, 49995116 ]
[ 103, 2, 50000000, 0, 0, 1, 4711, 49995288 ]
[ 107, 2, 50000000, 0, 0, 0, 4466, 49995534 ]
[ 109, 2, 50000000, 0, 0, 0, 4325, 49995675 ]
[ 113, 2, 50000000, 0, 0, 1, 3925, 49996074 ]
[ 127, 2, 50000000, 0, 0, 0, 3102, 49996898 ]
[ 131, 2, 50000000, 0, 0, 0, 2910, 49997090 ]
[ 137, 2, 50000000, 0, 0, 0, 2706, 49997294 ]
[ 139, 2, 50000000, 0, 0, 0, 2549, 49997451 ]
[ 149, 2, 50000000, 0, 0, 0, 2244, 49997756 ]
[ 151, 2, 50000000, 0, 0, 0, 2188, 49997812 ]
[ 157, 2, 50000000, 0, 0, 0, 2020, 49997980 ]
[ 163, 2, 50000000, 0, 0, 0, 1854, 49998146 ]
[ 167, 2, 50000000, 0, 0, 0, 1742, 49998258 ]
[ 173, 2, 50000000, 0, 0, 0, 1676, 49998324 ]
[ 179, 2, 50000000, 0, 0, 0, 1567, 49998433 ]
[ 181, 2, 50000000, 0, 0, 0, 1510, 49998490 ]
[ 191, 2, 50000000, 0, 0, 0, 1413, 49998587 ]
[ 193, 2, 50000000, 0, 0, 0, 1363, 49998637 ]
[ 197, 2, 50000000, 0, 0, 0, 1287, 49998713 ]
[ 199, 2, 50000000, 0, 0, 0, 1323, 49998677 ]
[ 211, 2, 50000000, 0, 0, 0, 1106, 49998894 ]
[ 223, 2, 50000000, 0, 0, 0, 1061, 49998939 ]
[ 227, 2, 50000000, 0, 0, 0, 920, 49999080 ]
[ 229, 2, 50000000, 0, 0, 0, 982, 49999018 ]
[ 233, 2, 50000000, 0, 0, 0, 917, 49999083 ]
[ 239, 2, 50000000, 0, 0, 0, 877, 49999123 ]
[ 241, 2, 50000000, 0, 0, 0, 836, 49999164 ]
[ 251, 2, 50000000, 0, 0, 0, 754, 49999246 ]
[ 257, 2, 50000000, 0, 0, 0, 706, 49999294 ]
[ 263, 2, 50000000, 0, 0, 0, 703, 49999297 ]
[ 269, 2, 50000000, 0, 0, 0, 643, 49999357 ]
[ 271, 2, 50000000, 0, 0, 0, 668, 49999332 ]
[ 277, 2, 50000000, 0, 0, 0, 678, 49999322 ]
[ 281, 2, 50000000, 0, 0, 0, 585, 49999415 ]
[ 283, 2, 50000000, 0, 0, 0, 575, 49999425 ]
[ 293, 2, 50000000, 0, 0, 0, 545, 49999455 ]
[ 307, 2, 50000000, 0, 0, 0, 522, 49999478 ]
[ 311, 2, 50000000, 0, 0, 0, 520, 49999480 ]
[ 313, 2, 50000000, 0, 0, 0, 512, 49999488 ]
[ 317, 2, 50000000, 0, 0, 0, 531, 49999469 ]
[ 331, 2, 50000000, 0, 0, 0, 450, 49999550 ]
[ 337, 2, 50000000, 0, 0, 0, 425, 49999575 ]
[ 347, 2, 50000000, 0, 0, 0, 397, 49999603 ]
[ 349, 2, 50000000, 0, 0, 0, 400, 49999600 ]
[ 353, 2, 50000000, 0, 0, 0, 426, 49999574 ]
[ 359, 2, 50000000, 0, 0, 0, 406, 49999594 ]
[ 367, 2, 50000000, 0, 0, 0, 369, 49999631 ]
[ 373, 2, 50000000, 0, 0, 0, 364, 49999636 ]
[ 379, 2, 50000000, 0, 0, 0, 333, 49999667 ]
[ 383, 2, 50000000, 0, 0, 0, 327, 49999673 ]
[ 389, 2, 50000000, 0, 0, 0, 359, 49999641 ]
[ 397, 2, 50000000, 0, 0, 0, 321, 49999679 ]
[ 401, 2, 50000000, 0, 0, 0, 311, 49999689 ]
[ 409, 2, 50000000, 0, 0, 0, 292, 49999708 ]
[ 419, 2, 50000000, 0, 0, 0, 300, 49999700 ]
[ 421, 2, 50000000, 0, 0, 0, 263, 49999737 ]
[ 431, 2, 50000000, 0, 0, 0, 260, 49999740 ]
[ 433, 2, 50000000, 0, 0, 0, 254, 49999746 ]
[ 439, 2, 50000000, 0, 0, 0, 252, 49999748 ]
[ 443, 2, 50000000, 0, 0, 0, 219, 49999781 ]
[ 449, 2, 50000000, 0, 0, 0, 237, 49999763 ]
[ 457, 2, 50000000, 0, 0, 0, 265, 49999735 ]
[ 461, 2, 50000000, 0, 0, 0, 233, 49999767 ]
[ 463, 2, 50000000, 0, 0, 0, 252, 49999748 ]
[ 467, 2, 50000000, 0, 0, 0, 240, 49999760 ]
[ 479, 2, 50000000, 0, 0, 0, 204, 49999796 ]
[ 487, 2, 50000000, 0, 0, 0, 195, 49999805 ]
[ 491, 2, 50000000, 0, 0, 0, 191, 49999809 ]
[ 499, 2, 50000000, 0, 0, 0, 216, 49999784 ]
