[ 5, 3, 50000000, 0, 27, 3165, 396244, 49600564 ]
[ 7, 3, 50000000, 0, 0, 430, 145069, 49854501 ]
[ 11, 3, 50000000, 0, 0, 19, 37247, 49962734 ]
[ 13, 3, 50000000, 0, 0, 8, 22757, 49977235 ]
[ 17, 3, 50000000, 0, 0, 1, 10135, 49989864 ]
[ 19, 3, 50000000, 0, 0, 1, 7314, 49992685 ]
[ 23, 3, 50000000, 0, 0, 2, 4043, 49995955 ]
[ 29, 3, 50000000, 0, 0, 0, 2081, 49997919 ]
[ 31, 3, 50000000, 0, 0, 0, 1635, 49998365 ]
[ 37, 3, 50000000, 0, 0, 0, 970, 49999030 ]
[ 41, 3, 50000000, 0, 0, 0, 726, 49999274 ]
[ 43, 3, 50000000, 0, 0, 0, 605, 49999395 ]
[ 47, 3, 50000000, 0, 0, 0, 526, 49999474 ]
[ 53, 3, 50000000, 0, 0, 0, 333, 49999667 ]
[ 59, 3, 50000000, 0, 0, 0, 206, 49999794 ]
[ 61, 3, 50000000, 0, 0, 0, 218, 49999782 ]
[ 67, 3, 50000000, 0, 0, 0, 165, 49999835 ]
[ 71, 3, 50000000, 0, 0, 0, 154, 49999846 ]
[ 73, 3, 50000000, 0, 0, 0, 113, 49999887 ]
[ 79, 3, 50000000, 0, 0, 0, 84, 49999916 ]
[ 83, 3, 50000000, 0, 0, 0, 98, 49999902 ]
[ 89, 3, 50000000, 0, 0, 0, 60, 49999940 ]
[ 97, 3, 50000000, 0, 0, 0, 57, 49999943 ]